1.659275650978088379e+00 -1.333323955535888672e+00
1.604352760314941406e+01 -1.727778434753417969e+01
5.329965591430664062e+00 -4.555706977844238281e+00
3.222801685333251953e+00 5.286686897277832031e+00
6.541757106781005859e+00 -9.576912879943847656e+00
6.641481399536132812e+00 -6.220435619354248047e+00
1.960803270339965820e+00 -2.054855823516845703e+00
6.039901256561279297e+00 -6.220905303955078125e+00
5.707604408264160156e+00 -5.458089351654052734e+00
3.825152158737182617e+00 -3.957215547561645508e+00
4.377326011657714844e+00 -4.066065311431884766e+00
4.635742187500000000e+00 -4.360241413116455078e+00
3.652728796005249023e+00 -4.222655773162841797e+00
6.533640861511230469e+00 -7.086328983306884766e+00
4.377519607543945312e+00 -5.158502101898193359e+00
3.280701637268066406e+00 -3.026243448257446289e+00
5.893722057342529297e+00 -4.731079578399658203e+00
-9.960912466049194336e-01 -9.647899866104125977e-01
5.705590724945068359e+00 -3.927891969680786133e+00
4.865481376647949219e+00 -5.502053260803222656e+00
4.473578453063964844e+00 -6.093353271484375000e+00
5.323346138000488281e+00 -4.442268371582031250e+00
4.481943130493164062e+00 -6.899113655090332031e+00
6.089396476745605469e+00 -6.138809680938720703e+00
9.471527099609375000e+00 -9.075185775756835938e+00
5.453611850738525391e+00 -5.713455677032470703e+00
4.991321563720703125e+00 -3.981805801391601562e+00
4.883928775787353516e+00 -5.785901069641113281e+00
9.694742202758789062e+00 -1.132152175903320312e+01
2.742805004119873047e+00 -4.082912445068359375e+00
5.841298103332519531e+00 -5.209635734558105469e+00
4.189783573150634766e+00 -4.155098915100097656e+00
4.228100299835205078e+00 -4.205493927001953125e+00
4.650530338287353516e+00 -5.431727409362792969e+00
5.190050601959228516e+00 -5.181967258453369141e+00
3.978137016296386719e+00 -4.335172653198242188e+00
6.022058486938476562e+00 -6.601484298706054688e+00
4.206843376159667969e+00 -3.763708353042602539e+00
2.423402309417724609e+00 -1.282139539718627930e+00
3.449199199676513672e+00 -3.310077667236328125e+00
5.649706840515136719e+00 -4.477493286132812500e+00
1.591813564300537109e+00 -1.352573156356811523e+00
4.280894279479980469e+00 -4.539040565490722656e+00
2.780920028686523438e+00 -3.246709585189819336e+00
3.302771091461181641e+00 -3.114877223968505859e+00
5.773700237274169922e+00 -5.698992252349853516e+00
3.236026763916015625e+00 -1.896727681159973145e+00
7.099515438079833984e+00 -4.999429702758789062e+00
6.697986602783203125e+00 -5.752470016479492188e+00
1.763077020645141602e+00 -2.293294191360473633e+00
4.271647453308105469e+00 -4.032227039337158203e+00
2.718286991119384766e+00 -3.429573059082031250e+00
3.298557043075561523e+00 -4.597632408142089844e+00
3.361829519271850586e+00 -3.631830453872680664e+00
2.440678596496582031e+00 -1.396780252456665039e+00
2.007363557815551758e+00 -1.322482228279113770e+00
1.203877210617065430e+00 4.203116297721862793e-01
3.902718782424926758e+00 -4.785140991210937500e+00
8.069802284240722656e+00 -8.231140136718750000e+00
3.194054841995239258e+00 -2.028653383255004883e+00
5.740571022033691406e-01 7.120964527130126953e-01
5.791124820709228516e+00 -4.884922981262207031e+00
4.457347393035888672e+00 -4.551670074462890625e+00
3.717748403549194336e+00 -4.904114246368408203e+00
3.955716371536254883e+00 -4.654169082641601562e+00
7.206294059753417969e+00 -6.432861804962158203e+00
7.900554656982421875e+00 -8.276037216186523438e+00
4.493407249450683594e+00 -5.049963474273681641e+00
4.787600994110107422e+00 -5.026662349700927734e+00
6.983117103576660156e+00 -7.065464973449707031e+00
3.004885911941528320e+00 -3.051525354385375977e+00
4.238124370574951172e+00 -4.306931018829345703e+00
7.796944379806518555e-01 -1.259836435317993164e+00
6.340349674224853516e+00 -7.232246875762939453e+00
9.326069951057434082e-01 6.426767349243164062e+00
5.858448505401611328e+00 -5.000251293182373047e+00
3.253601074218750000e+00 -1.224041461944580078e+00
4.719427585601806641e+00 -3.274231910705566406e+00
3.718074560165405273e+00 -4.255901336669921875e+00
3.285455942153930664e+00 -4.035110473632812500e+00
5.328416347503662109e+00 -6.275958538055419922e+00
9.620872497558593750e+00 -9.497203826904296875e+00
-1.371208429336547852e-01 5.642695903778076172e+00
6.551984786987304688e+00 -6.846442222595214844e+00
3.093250274658203125e+00 -1.215728044509887695e+00
6.455305099487304688e+00 -7.494180202484130859e+00
7.666785717010498047e+00 -9.390674591064453125e+00
4.178315639495849609e+00 -3.708570957183837891e+00
5.781814575195312500e+00 -5.787869930267333984e+00
6.499845504760742188e+00 -6.851319789886474609e+00
1.622589349746704102e+00 -7.921958565711975098e-01
4.328503131866455078e+00 -5.611103534698486328e+00
6.284581184387207031e+00 -6.967250347137451172e+00
6.330702304840087891e+00 -5.488564491271972656e+00
-5.850924015045166016e+00 5.223656654357910156e+00
-4.904829025268554688e+00 4.762289047241210938e+00
-3.267203807830810547e+00 2.669476509094238281e+00
-3.132075309753417969e+00 2.956995964050292969e+00
-4.826902866363525391e+00 3.633923053741455078e+00
-5.259983062744140625e+00 3.474383115768432617e+00
-1.034209132194519043e+00 6.829850673675537109e-01
1.059913873672485352e+00 -1.909186601638793945e+00
-5.276488780975341797e+00 5.015741348266601562e+00
-4.428667068481445312e+00 3.953329801559448242e+00
-3.152425527572631836e+00 2.881147146224975586e+00
-2.698974370956420898e+00 3.729774951934814453e+00
-3.386767864227294922e+00 3.914016962051391602e+00
-4.313144683837890625e+00 4.420663833618164062e+00
-2.971420288085937500e+00 5.139262199401855469e+00
-2.629521489143371582e-01 -5.023910403251647949e-01
-6.814201354980468750e+00 7.726385116577148438e+00
-6.014495849609375000e+00 7.121176242828369141e+00
-6.107085704803466797e+00 7.112145900726318359e+00
-4.744838714599609375e+00 4.677125930786132812e+00
-4.562321186065673828e+00 6.114288330078125000e+00
-4.294518947601318359e+00 4.343894004821777344e+00
-3.657387733459472656e+00 5.621129035949707031e+00
-3.692958831787109375e+00 3.150383234024047852e+00
-5.761326313018798828e+00 4.808410644531250000e+00
-5.741167545318603516e+00 5.570580482482910156e+00
-1.519875526428222656e+01 2.292824363708496094e+01
-5.685509204864501953e+00 5.736739158630371094e+00
-1.568289995193481445e+00 2.147385478019714355e-01
2.557882070541381836e+00 -2.462231874465942383e+00
-5.214526653289794922e+00 5.182935714721679688e+00
-3.782742023468017578e+00 3.342231273651123047e+00
-4.209794998168945312e-01 1.036000013351440430e+00
-3.869200944900512695e+00 5.136540412902832031e+00
-4.547610282897949219e+00 5.784657478332519531e+00
-2.872202873229980469e+00 1.948981165885925293e+00
-3.257415056228637695e+00 2.914285898208618164e+00
-6.103857517242431641e+00 6.870438575744628906e+00
-1.586415410041809082e+00 1.238602519035339355e+00
-3.361325263977050781e+00 5.921529293060302734e+00
-8.079116940498352051e-01 6.086642146110534668e-01
-4.821964740753173828e+00 4.262476921081542969e+00
-9.708818435668945312e+00 1.160508918762207031e+01
-2.388096094131469727e+00 3.988091707229614258e+00
-1.935935974121093750e+00 2.839515447616577148e+00
-3.552997589111328125e+00 3.263761758804321289e+00
-2.763531208038330078e+00 1.646558523178100586e+00
-6.583444476127624512e-01 -7.548953294754028320e-01
-7.917134761810302734e+00 1.146718120574951172e+01
-8.386416435241699219e-01 1.168779969215393066e+00
-6.225629806518554688e+00 6.909603595733642578e+00
-5.165819644927978516e+00 7.297006130218505859e+00
-3.138290643692016602e+00 2.698417186737060547e+00
-6.851716518402099609e+00 5.465128898620605469e+00
-3.249123334884643555e+00 3.147676706314086914e+00
-7.363046646118164062e+00 9.531747817993164062e+00
-6.119183063507080078e+00 5.906545162200927734e+00
-6.196289062500000000e+00 7.827230453491210938e+00
-5.947491168975830078e+00 6.391407489776611328e+00
-1.011714696884155273e+00 2.397051334381103516e+00
-2.864162921905517578e+00 3.369547843933105469e+00
-1.108307361602783203e+00 1.470212340354919434e-01
-2.253629922866821289e+00 2.077509641647338867e+00
-2.050820827484130859e+00 2.644650220870971680e+00
-5.063810348510742188e+00 4.056532382965087891e+00
-9.958518981933593750e+00 1.179201698303222656e+01
-6.239275932312011719e+00 5.578488349914550781e+00
-4.165627002716064453e+00 3.834395170211791992e+00
-6.443169593811035156e+00 6.602977752685546875e+00
-3.333338499069213867e+00 4.802485466003417969e+00
-3.867121219635009766e+00 4.303404331207275391e+00
-2.445558786392211914e+00 2.174115896224975586e+00
-4.735369205474853516e+00 7.829609870910644531e+00
-9.433190226554870605e-01 -9.065805673599243164e-01
-2.966663360595703125e+00 2.013227939605712891e+00
-4.004679203033447266e+00 2.799858808517456055e+00
3.376297473907470703e+00 -1.485773563385009766e+00
-9.747949600219726562e+00 1.214550590515136719e+01
-4.519210815429687500e+00 4.955801963806152344e+00
-3.730832576751708984e+00 5.564578533172607422e+00
-2.426038265228271484e+00 3.437166929244995117e+00
-1.556587815284729004e+00 2.571986675262451172e+00
7.512941360473632812e+00 -5.106399536132812500e+00
-2.659183740615844727e+00 1.353375196456909180e+00
-8.080759048461914062e+00 7.765965938568115234e+00
-3.269000530242919922e+00 4.248196601867675781e+00
-6.471941471099853516e+00 7.172243118286132812e+00
-4.546162128448486328e+00 5.081920623779296875e+00
-3.069194316864013672e+00 2.998407363891601562e+00
-5.555650711059570312e+00 7.019753932952880859e+00
-3.132806301116943359e+00 3.050768852233886719e+00
-5.824674129486083984e+00 7.541703224182128906e+00
-7.339352130889892578e+00 8.921268463134765625e+00
-4.514414787292480469e+00 6.151773929595947266e+00
1.147195994853973389e-01 1.014566063880920410e+00
-2.237436771392822266e-01 1.693286895751953125e+00
-8.520486950874328613e-01 -7.645077109336853027e-01
-4.527302265167236328e+00 4.263465881347656250e+00
-4.768422126770019531e+00 3.379782676696777344e+00
-6.441998481750488281e+00 7.553472518920898438e+00
-7.016155242919921875e+00 7.117410659790039062e+00
-3.636924266815185547e+00 1.665423870086669922e+00
-5.701638698577880859e+00 5.723844528198242188e+00
-7.561184883117675781e+00 8.859191894531250000e+00
-2.829302787780761719e+00 2.521523475646972656e+00
-6.543353796005249023e-01 1.939335167407989502e-01
-2.575298309326171875e+00 2.008330821990966797e+00
-8.692731857299804688e+00 9.090156555175781250e+00
-4.455337524414062500e+00 4.439489364624023438e+00
-3.386257648468017578e+00 5.104310989379882812e+00
-2.348318815231323242e+00 4.114454269409179688e+00
-4.644070148468017578e+00 5.285111904144287109e+00
-3.657883882522583008e+00 4.064705371856689453e+00
-3.694638252258300781e+00 3.541681766510009766e+00
-3.409131050109863281e+00 2.535063266754150391e+00
-6.734811782836914062e+00 8.457619667053222656e+00
-7.788644790649414062e+00 1.018879222869873047e+01
-4.793687820434570312e+00 4.335150718688964844e+00
-4.401112556457519531e+00 6.528725624084472656e+00
-4.448710918426513672e+00 3.521975278854370117e+00
-7.261574268341064453e+00 7.334861278533935547e+00
-5.973640441894531250e+00 7.906841754913330078e+00
-3.392791748046875000e+00 3.316460132598876953e+00
-4.808211326599121094e+00 3.262347698211669922e+00
-1.961230397224426270e+00 2.214880704879760742e+00
-3.184069395065307617e+00 2.494746446609497070e+00
-2.127297878265380859e+00 3.785638332366943359e+00
-3.603100299835205078e+00 3.429010391235351562e+00
-2.512708663940429688e+00 3.032964944839477539e+00
-2.309759378433227539e+00 1.065166711807250977e+00
-4.574559688568115234e+00 4.144818782806396484e+00
-6.111231803894042969e+00 7.421868324279785156e+00
-4.888102531433105469e+00 4.541941642761230469e+00
-4.338939189910888672e+00 3.392952680587768555e+00
-9.566208839416503906e+00 9.861330032348632812e+00
-6.129250049591064453e+00 6.578005313873291016e+00
-3.942584037780761719e+00 4.972034931182861328e+00
-3.347917079925537109e+00 3.278064966201782227e+00
-7.600767135620117188e+00 8.569354057312011719e+00
-4.578895092010498047e+00 3.492688894271850586e+00
-8.930003166198730469e+00 1.143441295623779297e+01
-4.125118732452392578e+00 3.279815912246704102e+00
-5.406454086303710938e+00 5.706963062286376953e+00
-1.615844607353210449e+00 9.950484037399291992e-01
-9.346792101860046387e-01 1.996935486793518066e+00
-1.762945890426635742e+00 3.755759954452514648e+00
-3.555842399597167969e+00 3.865771770477294922e+00
-3.837544918060302734e+00 4.291437149047851562e+00
-3.276521682739257812e+00 3.388314008712768555e+00
-3.610597133636474609e+00 4.983102798461914062e+00
-3.576870918273925781e+00 4.474644184112548828e+00
-6.620322227478027344e+00 9.281459808349609375e+00
-5.455430507659912109e+00 4.872433662414550781e+00
-2.532720565795898438e+00 1.369660139083862305e+00
-5.795512199401855469e+00 6.594286918640136719e+00
-3.498525619506835938e+00 3.410606384277343750e+00
-3.967073440551757812e+00 3.278410434722900391e+00
-7.670333862304687500e+00 1.000095939636230469e+01
-4.282401084899902344e+00 4.942726612091064453e+00
-2.871921539306640625e+00 2.141777276992797852e+00
-3.111926555633544922e+00 2.740458965301513672e+00
-2.489521741867065430e+00 2.360731363296508789e+00
-4.662810802459716797e+00 4.615128993988037109e+00
-4.410826206207275391e+00 5.290723323822021484e+00
-5.919218063354492188e+00 5.734791755676269531e+00
-2.401476621627807617e+00 3.791263818740844727e+00
-2.556633472442626953e+00 3.961070775985717773e+00
-4.189705371856689453e+00 4.712411403656005859e+00
-4.204304218292236328e+00 5.739118099212646484e+00
2.421906709671020508e+00 -3.850933313369750977e+00
-3.823804140090942383e+00 2.697830200195312500e+00
-2.542034864425659180e+00 3.082084178924560547e+00
-3.507112979888916016e+00 3.492906570434570312e+00
-8.138151168823242188e-01 9.923701286315917969e-01
-6.448194980621337891e+00 8.989648818969726562e+00
-6.330864906311035156e+00 5.197726249694824219e+00
-6.387415409088134766e+00 6.809350490570068359e+00
-7.456246852874755859e+00 7.686717510223388672e+00
-2.900304079055786133e+00 1.509674310684204102e+00
-1.112068533897399902e+00 1.716391801834106445e+00
-4.521105766296386719e+00 5.915827274322509766e+00
-4.969478607177734375e+00 4.662487030029296875e+00
-6.483779907226562500e+00 7.549200534820556641e+00
-3.232039451599121094e+00 2.161164522171020508e+00
-3.495449066162109375e+00 2.468958377838134766e+00
-2.920732498168945312e+00 3.606440067291259766e+00
8.825508117675781250e+00 -8.363794326782226562e+00
-2.750301837921142578e+00 2.016948223114013672e+00
-6.790851593017578125e+00 8.491888999938964844e+00
-7.232752323150634766e+00 7.312597751617431641e+00
-2.854272842407226562e+00 4.797406196594238281e+00
-3.512189149856567383e+00 2.299929857254028320e+00
-2.234523057937622070e+00 2.424374103546142578e+00
-5.799659252166748047e+00 5.862484455108642578e+00
-5.575444221496582031e+00 5.072611331939697266e+00
-5.552809715270996094e+00 6.477308750152587891e+00
-7.640572547912597656e+00 7.986784934997558594e+00
-3.158278703689575195e+00 2.009456872940063477e+00
-1.878864645957946777e+00 1.133089661598205566e+00
-1.705077052116394043e+00 -7.141372561454772949e-01
-2.469283580780029297e+00 4.820515513420104980e-01
-5.517887592315673828e+00 6.648488044738769531e+00
-1.739147901535034180e+00 1.070864558219909668e+00
-8.135182261466979980e-01 1.720670461654663086e+00
-5.781967163085937500e+00 6.989520072937011719e+00
-1.153522968292236328e+00 1.815208196640014648e+00
-4.189686775207519531e+00 3.050080060958862305e+00
-4.000584602355957031e+00 5.416768074035644531e+00
-1.515816330909729004e+00 2.726735353469848633e+00
-2.139945268630981445e+00 3.083166599273681641e+00
-6.993176937103271484e+00 8.208027839660644531e+00
-3.601601839065551758e+00 2.613308429718017578e+00
-6.909240722656250000e+00 8.604705810546875000e+00
-7.557362556457519531e+00 7.760440826416015625e+00
-6.888626098632812500e+00 7.862391471862792969e+00
-4.536597251892089844e+00 3.705894708633422852e+00
-4.525699138641357422e+00 7.006850242614746094e+00
-2.658194065093994141e+00 1.842401742935180664e+00
9.625589847564697266e-01 -1.270807743072509766e+00
-5.719317913055419922e+00 5.318782329559326172e+00
-6.954738616943359375e+00 1.026992034912109375e+01
-5.169260501861572266e+00 4.208387374877929688e+00
-5.609414100646972656e+00 4.616280555725097656e+00
-1.275431990623474121e+00 1.782249212265014648e+00
-7.183041572570800781e+00 8.155044555664062500e+00
-2.478366136550903320e+00 2.701690673828125000e+00
4.464145600795745850e-01 -1.668091535568237305e+00
-6.371146202087402344e+00 5.773859977722167969e+00
-4.398423671722412109e+00 6.062431335449218750e+00
-5.646675109863281250e+00 8.354563713073730469e+00
-3.168251991271972656e+00 3.950895547866821289e+00
-7.175804615020751953e+00 8.475251197814941406e+00
-2.543672800064086914e+00 4.074763774871826172e+00
-3.766037940979003906e+00 3.548858642578125000e+00
-3.294547796249389648e+00 5.955955028533935547e+00
-4.096343040466308594e+00 2.828218936920166016e+00
-5.597608566284179688e+00 5.909948348999023438e+00
-5.171561241149902344e+00 5.062634468078613281e+00
-4.837379455566406250e+00 6.047775268554687500e+00
-6.934276580810546875e+00 7.155357837677001953e+00
-2.168955564498901367e+00 3.502398967742919922e+00
-4.688149929046630859e+00 3.877095699310302734e+00
-3.358305215835571289e+00 1.806341648101806641e+00
-2.904662370681762695e+00 3.445005178451538086e+00
-2.342109918594360352e+00 1.475682020187377930e+00
-4.011699199676513672e+00 1.947230577468872070e+00
-2.808929204940795898e+00 4.363462448120117188e+00
-1.970234870910644531e+00 1.183909797668457031e+01
-5.971662044525146484e+00 8.224170684814453125e+00
